MEMORY
  total           13481 KB
  struct            159 KB
  buffer             10 KB
  arena           13312 KB, used 0.2%

SIZES
  narena                13631488
  nbuffer               10032
  nplugin               0
  maxuse_stack          2760
  maxuse_arena          30968
  maxuse_con            4
  maxuse_efc            16
  ncon                  4
  ne                    0
  nf                    0
  nl                    0
  nefc                  16
  nJ                    128
  nA                    0
  nisland               1
  nidof                 8
  ntree_awake           1
  nbody_awake           5
  nparent_awake         4
  nv_awake              8
  threadpool            0

TIMER
    0:  duration =  0.52       number = 5
    1:  duration =  0.5        number = 20
    2:  duration =  0          number = 0
    3:  duration =  0.31       number = 20
    4:  duration =  0.045      number = 20
    5:  duration =  0.0085     number = 20
    6:  duration =  0.11       number = 20
    7:  duration =  0          number = 0
    8:  duration =  0.072      number = 20
    9:  duration =  0.021      number = 20
    10:  duration =  0.088      number = 20
    11:  duration =  0.12       number = 20
    12:  duration =  0.0016     number = 20
    13:  duration =  0.043      number = 20
    14:  duration =  0.041      number = 20

SOLVER STAT
  solver_fwdinv =   0         0       
  ISLAND 0
    solver_niter = 1
    solver_nnz = 64
      0:  improvement =  2           gradient =  2.4e-16     lineslope =  0       
          nactive = 8   nchange = 0   neval = 2   nupdate = 0

ENERGY =   0         0       

TIME =  15      

QPOS
  -0.057   
   0.027   
   0.05    
  -0.72    
   0.012   
   0.013   
   0.69    
   1.2e+02 
  -4.8e+02 

QVEL
  -0.061   
   0.39    
  -0.0037  
  -0.21    
   0.016   
  -6.4     
   8.5     
  -33      

QACC_WARMSTART
   2.5     
  -0.1     
   4.4     
   20      
  -11      
   3.7     
  -1.5e+02 
   1.2e+02 

CTRL
   0.041   
  -0.051   

QFRC_APPLIED
   0       
   0       
   0       
   0       
   0       
   0       
   0       
   0       

XFRC_APPLIED
   0         0         0         0         0         0       
   0         0         0         0         0         0       
   0         0         0         0         0         0       
   0         0         0         0         0         0       
   0         0         0         0         0         0       

QACC
   2.5     
  -0.1     
   4.4     
   20      
  -11      
   3.7     
  -1.5e+02 
   1.2e+02 

TREE_ASLEEP
  -11

XPOS
   0         0         0       
  -0.057     0.027     0.05    
  -0.057     0.029     0.095   
   0.041     0.03      0.032   
  -0.16      0.022     0.032   

XQUAT
   1         0         0         0       
  -0.72      0.012     0.013     0.69    
  -0.72      0.012     0.013     0.69    
  -0.61      0.37      0.38      0.59    
  -0.21      0.66      0.69      0.2     

XMAT
   1         0         0         0         1         0         0         0         1       
   0.041     1        -0.0015   -1         0.041     0.036     0.036     1.6e-05   1       
   0.041     1        -0.0015   -1         0.041     0.036     0.036     1.6e-05   1       
   0.018     1        -0.037    -0.44      0.041     0.9       0.9       1.6e-05   0.44    
  -0.034     1        -0.023     0.83      0.041     0.56      0.56      1.6e-05  -0.83    

XIPOS
   0         0         0       
  -0.057     0.027     0.05    
  -0.057     0.029     0.11    
   0.041     0.03      0.032   
  -0.16      0.022     0.032   

XIMAT
   1         0         0         0         1         0         0         0         1       
   0.041     1        -0.0015   -1         0.041     0.036     0.036     1.6e-05   1       
  -0.0015   -0.041    -1         0.036     1        -0.041     1        -0.036    -1.6e-05 
   0.018    -0.037    -1        -0.44      0.9      -0.041     0.9       0.44     -1.6e-05 
  -0.034    -0.023    -1         0.83      0.56     -0.041     0.56     -0.83     -1.6e-05 

XANCHOR
  -0.057     0.027     0.05    
   0.041     0.03      0.032   
  -0.16      0.022     0.032   

XAXIS
   0         0         1       
   1         0.041     1.6e-05 
   1         0.041     1.6e-05 

GEOM_XPOS
   0         0         0       
  -0.057     0.027     0.05    
  -0.057     0.029     0.095   
  -0.057     0.029     0.11    
   0.041     0.03      0.032   
  -0.16      0.022     0.032   

GEOM_XMAT
   1         0         0         0         1         0         0         0         1       
   0.041     1        -0.0015   -1         0.041     0.036     0.036     1.6e-05   1       
   0.041     1        -0.0015   -1         0.041     0.036     0.036     1.6e-05   1       
   0.041     1        -0.0015   -1         0.041     0.036     0.036     1.6e-05   1       
   0.018    -0.037    -1        -0.44      0.9      -0.041     0.9       0.44     -1.6e-05 
  -0.034    -0.023    -1         0.83      0.56     -0.041     0.56     -0.83     -1.6e-05 

LIGHT_XPOS
   0         0         3       

LIGHT_XDIR
   0         0        -1       

SUBTREE_COM
  -0.057     0.028     0.068   
  -0.057     0.028     0.068   
  -0.057     0.029     0.11    
   0.041     0.03      0.032   
  -0.16      0.022     0.032   

CDOF
   0         0         0         1         0         0       
   0         0         0         0         1         0       
   0         0         0         0         0         1       
   0.041    -1         0.036    -0.018    -0.00075  -2.8e-07 
   1         0.041     1.6e-05   0.00075  -0.018     0.00064 
  -0.0015    0.036     1         6.5e-19   1e-17    -3.7e-19 
   1         0.041     1.6e-05   0.0015   -0.035     0.0013  
   1         0.041     1.6e-05   0.0015   -0.035     0.0013  

CINERT
   0         0         0         0         0         0         0         0         0         0       
   3.7e-05   0.00011   0.00011  -2.9e-06  -3.1e-09   4.8e-08   1.5e-06  -3.5e-05  -0.00098   0.055   
   0.00035   0.0005    0.00022  -6.4e-06   4.1e-07  -9.9e-06  -1.1e-05   0.00025   0.0071    0.17    
   0.00015   0.00096   0.00086  -2.3e-05   0.0003    8.6e-06   0.0085    0.00024  -0.0031    0.086   
   0.00016   0.00096   0.00086  -4.4e-05  -0.0003   -1.6e-05  -0.0084   -0.00046  -0.0031    0.086   

ACTUATOR_LENGTH
   25      
  -96      

actuator_moment
----------
       x  |
        x |
----------

ACTUATOR_MOMENT
     6:  0.2     
     7:  0.2     

CRB
   0         0         0         0         0         0         0         0         0         0       
   0.0007    0.0025    0.002    -7.6e-05   7.1e-07  -1.8e-05  -3.8e-18   6.5e-19   8.7e-19   0.4     
   0.00035   0.0005    0.00022  -6.4e-06   4.1e-07  -9.9e-06  -1.1e-05   0.00025   0.0071    0.17    
   0.00015   0.00096   0.00086  -2.3e-05   0.0003    8.6e-06   0.0085    0.00024  -0.0031    0.086   
   0.00016   0.00096   0.00086  -4.4e-05  -0.0003   -1.6e-05  -0.0084   -0.00046  -0.0031    0.086   

QM
   0.4     
   0         0.4     
   0         0         0.4     
  -0.0072   -0.0003   -1.1e-07   0.0027  
   0.0003   -0.0072    0.00026   4.8e-20   0.00083 
  -3.6e-19   4.1e-19  -1.5e-20   1.3e-20   8.6e-21   0.002   
   0         4.3e-19   1.4e-20   3.1e-20   4.6e-05   6.5e-20   4.6e-05 
   0         4.3e-19  -2.7e-20   2.2e-20   4.6e-05   1.1e-20             4.6e-05 

M
     0:  0.4     
     0:  0          1:  0.4     
     0:  0          1:  0          2:  0.4     
     0: -0.0072     1: -0.0003     2: -1.1e-07    3:  0.0027  
     0:  0.0003     1: -0.0072     2:  0.00026    3:  4.8e-20    4:  0.00083 
     0: -3.6e-19    1:  4.1e-19    2: -1.5e-20    3:  1.3e-20    4:  8.6e-21    5:  0.002   
     0:  0          1:  4.3e-19    2:  1.4e-20    3:  3.1e-20    4:  4.6e-05    5:  6.5e-20    6:  4.6e-05 
     0:  0          1:  4.3e-19    2: -2.7e-20    3:  2.2e-20    4:  4.6e-05    5:  1.1e-20    7:  4.6e-05 

QLD
     0:  0.38    
     0:  0.0065     1:  0.33    
     0: -0.00026    1:  0.0063     2:  0.4     
     0: -2.7        1: -0.11       2: -4.3e-05    3:  0.0027  
     0:  0.41       1: -9.8        2:  0.35       3: -5.8e-18    4:  0.00073 
     0: -1.7e-16    1:  2e-16      2: -7.5e-18    3:  6.5e-18    4: -3.3e-17    5:  0.002   
     0:  0          1:  9.5e-15    2:  3e-16      3:  6.8e-16    4:  1          5:  1.4e-15    6:  4.6e-05 
     0:  0          1:  9.5e-15    2: -5.9e-16    3:  4.8e-16    4:  1          5:  2.5e-16    7:  4.6e-05 

QLDIAGINV
   2.6     
   3       
   2.5     
   3.7e+02 
   1.4e+03 
   4.9e+02 
   2.2e+04 
   2.2e+04 

M: inertia structure
----------
 x        |
 xx       |
 xxx      |
 xxxx     |
 xxxxx    |
 xxxxxx   |
 xxxxxxx  |
 xxxxxx x |
----------

iM: block-diagonal inertia (nnzs are island ids)
----------
 0        |
 00       |
 000      |
 0000     |
 00000    |
 000000   |
 0000000  |
 000000 0 |
----------

TREE_AWAKE
  1

BODY_AWAKE
  -1 1 1 1 1

BODY_AWAKE_IND
  0 1 2 3 4

PARENT_AWAKE_IND
  1 2 3 4

DOF_AWAKE_IND
  0 1 2 3 4 5 6 7

CONTACT
  0:
     dim           3
     geoms         floor : left_wheel_geom
     exclude       0
     efc_address   0
     solref         0.015     1       
     solimp         0.9       0.95      0.001     0.5       2       
     dist          -9.9e-06 
     includemargin  0       
     pos            0.028     0.03     -5e-06   
     frame          0         0         1         0         1         0        -1         0         0       
     friction       1.5       1.5       0.05      0.01      0.01    
     mu             1.5     
     force          1.6      -2.1      -0.31      0         0         0       
  1:
     dim           3
     geoms         floor : left_wheel_geom
     exclude       0
     efc_address   4
     solref         0.015     1       
     solimp         0.9       0.95      0.001     0.5       2       
     dist          -9.5e-06 
     includemargin  0       
     pos            0.054     0.031    -4.8e-06 
     frame          0         0         1         0         1         0        -1         0         0       
     friction       1.5       1.5       0.05      0.01      0.01    
     mu             1.5     
     force          1.2       1.7      -0.084     0         0         0       
  2:
     dim           3
     geoms         floor : right_wheel_geom
     exclude       0
     efc_address   8
     solref         0.015     1       
     solimp         0.9       0.95      0.001     0.5       2       
     dist          -1.3e-05 
     includemargin  0       
     pos           -0.17      0.022    -6.5e-06 
     frame          0         0         1         0         1         0        -1         0         0       
     friction       1.5       1.5       0.05      0.01      0.01    
     mu             1.5     
     force          1.4      -1.7      -0.33      0         0         0       
  3:
     dim           3
     geoms         floor : right_wheel_geom
     exclude       0
     efc_address   12
     solref         0.015     1       
     solimp         0.9       0.95      0.001     0.5       2       
     dist          -1.3e-05 
     includemargin  0       
     pos           -0.14      0.023    -6.3e-06 
     frame          0         0         1         0         1         0        -1         0         0       
     friction       1.5       1.5       0.05      0.01      0.01    
     mu             1.5     
     force          1.5       2.2      -0.11      0         0         0       

EFC_TYPE
  6
  6
  6
  6
  6
  6
  6
  6
  6
  6
  6
  6
  6
  6
  6
  6

EFC_ID
  0
  0
  0
  0
  1
  1
  1
  1
  2
  2
  2
  2
  3
  3
  3
  3

EFC_J
   0         1.5       1         0.093     0.074     0.12      0.049     0       
   0        -1.5       1         0.077    -0.076    -0.13     -0.049     0       
  -1.5       0         1         0.01      0.0025    0.004     0.002     0       
   1.5       0         1         0.16     -0.0037   -0.01     -0.002     0       
   0         1.5       1         0.12      0.074     0.16      0.049     0       
   0        -1.5       1         0.1      -0.076    -0.17     -0.049     0       
  -1.5       0         1         0.036     0.0025    0.0047    0.002     0       
   1.5       0         1         0.19     -0.0037   -0.013    -0.002     0       
   0         1.5       1        -0.11      0.074    -0.16      0         0.049   
   0        -1.5       1        -0.11     -0.076     0.17      0        -0.049   
  -1.5       0         1        -0.19      0.0025   -0.0012    0         0.002   
   1.5       0         1        -0.036    -0.0037    0.0091    0        -0.002   
   0         1.5       1        -0.086     0.074    -0.12      0         0.049   
   0        -1.5       1        -0.084    -0.076     0.13      0        -0.049   
  -1.5       0         1        -0.16      0.0025   -0.00052   0         0.002   
   1.5       0         1        -0.0099   -0.0037    0.0066    0        -0.002   

IEFC_J
   0         1.5       1         0.093     0.074     0.12      0.049     0       
   0        -1.5       1         0.077    -0.076    -0.13     -0.049     0       
  -1.5       0         1         0.01      0.0025    0.004     0.002     0       
   1.5       0         1         0.16     -0.0037   -0.01     -0.002     0       
   0         1.5       1         0.12      0.074     0.16      0.049     0       
   0        -1.5       1         0.1      -0.076    -0.17     -0.049     0       
  -1.5       0         1         0.036     0.0025    0.0047    0.002     0       
   1.5       0         1         0.19     -0.0037   -0.013    -0.002     0       
   0         1.5       1        -0.11      0.074    -0.16      0         0.049   
   0        -1.5       1        -0.11     -0.076     0.17      0        -0.049   
  -1.5       0         1        -0.19      0.0025   -0.0012    0         0.002   
   1.5       0         1        -0.036    -0.0037    0.0091    0        -0.002   
   0         1.5       1        -0.086     0.074    -0.12      0         0.049   
   0        -1.5       1        -0.084    -0.076     0.13      0        -0.049   
  -1.5       0         1        -0.16      0.0025   -0.00052   0         0.002   
   1.5       0         1        -0.0099   -0.0037    0.0066    0        -0.002   

EFC_POS
  -9.9e-06 
  -9.9e-06 
  -9.9e-06 
  -9.9e-06 
  -9.5e-06 
  -9.5e-06 
  -9.5e-06 
  -9.5e-06 
  -1.3e-05 
  -1.3e-05 
  -1.3e-05 
  -1.3e-05 
  -1.3e-05 
  -1.3e-05 
  -1.3e-05 
  -1.3e-05 

EFC_MARGIN
   0       
   0       
   0       
   0       
   0       
   0       
   0       
   0       
   0       
   0       
   0       
   0       
   0       
   0       
   0       
   0       

EFC_FRICTIONLOSS
   0       
   0       
   0       
   0       
   0       
   0       
   0       
   0       
   0       
   0       
   0       
   0       
   0       
   0       
   0       
   0       

EFC_DIAGAPPROX
   90      
   90      
   90      
   90      
   90      
   90      
   90      
   90      
   90      
   90      
   90      
   90      
   90      
   90      
   90      
   90      

EFC_KBIP
   4.9e+03   1.4e+02   0.9      -2       
   4.9e+03   1.4e+02   0.9      -2       
   4.9e+03   1.4e+02   0.9      -2       
   4.9e+03   1.4e+02   0.9      -2       
   4.9e+03   1.4e+02   0.9      -1.9     
   4.9e+03   1.4e+02   0.9      -1.9     
   4.9e+03   1.4e+02   0.9      -1.9     
   4.9e+03   1.4e+02   0.9      -1.9     
   4.9e+03   1.4e+02   0.9      -2.6     
   4.9e+03   1.4e+02   0.9      -2.6     
   4.9e+03   1.4e+02   0.9      -2.6     
   4.9e+03   1.4e+02   0.9      -2.6     
   4.9e+03   1.4e+02   0.9      -2.5     
   4.9e+03   1.4e+02   0.9      -2.5     
   4.9e+03   1.4e+02   0.9      -2.5     
   4.9e+03   1.4e+02   0.9      -2.5     

EFC_D
   0.1     
   0.1     
   0.1     
   0.1     
   0.1     
   0.1     
   0.1     
   0.1     
   0.1     
   0.1     
   0.1     
   0.1     
   0.1     
   0.1     
   0.1     
   0.1     

EFC_R
   10      
   10      
   10      
   10      
   10      
   10      
   10      
   10      
   10      
   10      
   10      
   10      
   10      
   10      
   10      
   10      

ACTUATOR_VELOCITY
   1.7     
  -6.5     

CVEL
   0         0         0         0         0         0       
   0.052     0.14     -6.4      -0.052     0.39      0.0014  
   0.052     0.14     -6.4      -0.052     0.39      0.0014  
   8.7       0.49     -6.4      -0.039     0.086     0.012   
  -32       -1.2      -6.4      -0.1       1.5      -0.04    

CDOF_DOT
   0         0         0         0         0         0       
   0         0         0         0         0         0       
   0         0         0         0         0         0       
   0         0        -0         0.015     0.0021    0.042   
   0         0         0        -5.1e-05   0.0014   -0.39    
   0        -0         0         0.39      0.059    -0.0015  
   0.27     -6.4      -0.13     -0.23     -0.0081   -0.4     
   0.27     -6.4      -0.13     -0.23     -0.0081   -0.4     

QFRC_BIAS
  -0.002   
  -0.017   
   3.9     
  -0.0074  
   0.004   
   0.00043 
   4.3e-19 
  -4.3e-19 

QFRC_SPRING
   0       
   0       
   0       
   0       
   0       
   0       
   0       
   0       

QFRC_DAMPER
   0       
   0       
   0       
   0       
   0       
   0       
   0       
   0       

QFRC_GRAVCOMP
   0       
   0       
   0       
   0       
   0       
   0       
   0       
   0       

QFRC_FLUID
   0       
   0       
   0       
   0       
   0       
   0       
   0       
   0       

QFRC_PASSIVE
   0       
   0       
   0       
   0       
   0       
   0       
   0       
   0       

EFC_VEL
   0.18    
  -0.2     
   0.077   
  -0.098   
  -0.073   
   0.046   
   0.063   
  -0.091   
   0.1     
  -0.069   
   0.099   
  -0.067   
  -0.15    
   0.18    
   0.085   
  -0.06    

EFC_AREF
  -25      
   28      
  -11      
   14      
   10      
  -6.4     
  -8.9     
   13      
  -14      
   9.7     
  -14      
   9.4     
   22      
  -25      
  -12      
   8.5     

SUBTREE_LINVEL
   0         0         0       
   0         0         0       
   0         0         0       
   0         0         0       
   0         0         0       

SUBTREE_ANGMOM
   0         0         0       
   0         0         0       
   0         0         0       
   0         0         0       
   0         0         0       

ACTUATOR_FORCE
   0.041   
  -0.051   

QFRC_ACTUATOR
   0       
   0       
   0       
   0       
   0       
   0       
   0.0081  
  -0.01    

QFRC_SMOOTH
   0.002   
   0.017   
  -3.9     
   0.0074  
  -0.004   
  -0.00043 
   0.0081  
  -0.01    

QACC_SMOOTH
   0.057   
   0.075   
  -9.8     
   2.9     
   1.7     
  -0.21    
   1.8e+02 
  -2.3e+02 

EFC_B
   25      
  -47      
   1.3     
  -23      
  -11      
  -12      
  -0.56    
  -22      
  -6.8     
  -9.1     
   3       
  -19      
  -42      
   26      
   1.1     
  -18      

EFC_FORCE
   0       
   1.4     
   0       
   0.21    
   1.1     
   0       
   0       
   0.056   
   0       
   1.1     
   0       
   0.22    
   1.5     
   0       
   0       
   0.072   

EFC_STATE
  0
  1
  0
  1
  1
  1
  1
  1
  1
  1
  0
  1
  1
  0
  0
  1

QFRC_CONSTRAINT
   0.83    
   0.017   
   5.7     
   0.029   
  -0.0045  
   0.0079  
  -0.016   
   0.015   

QFRC_INVERSE
   0       
   0       
   0       
   0       
   0       
   0       
   0       
   0       

CACC
   0         0         0         0         0         0       
   0         0         0         0         0         0       
   0         0         0         0         0         0       
   0         0         0         0         0         0       
   0         0         0         0         0         0       

CFRC_INT
   0         0         0         0         0         0       
   0         0         0         0         0         0       
   0         0         0         0         0         0       
   0         0         0         0         0         0       
   0         0         0         0         0         0       

CFRC_EXT
   0         0         0         0         0         0       
   0         0         0         0         0         0       
   0         0         0         0         0         0       
   0         0         0         0         0         0       
   0         0         0         0         0         0       

TREE_ISLAND
  0

ISLAND_NTREE
  1

ISLAND_ITREEADR
  0

MAP_ITREE2TREE
  0

DOF_ISLAND            0 0 0 0 0 0 0 0

ISLAND_NV             8

ISLAND_IDOFADR        0

MAP_IDOF2DOF          0 1 2 3 4 5 6 7

EFC_ISLAND            0 0 0 0 0 0 0 0 0 0 0 0 0 0 0 0

ISLAND_NEFC           16

ISLAND_IEFCADR        0

MAP_IEFC2EFC          0 1 2 3 4 5 6 7 8 9 10 11 12 13 14 15

